167 1
174 1
178 1
181 2
182 3
183 1
184 2
185 1
188 1
189 3
190 3
191 5
192 6
193 4
194 3
195 6
196 5
197 10
198 7
199 11
200 7
201 15
202 13
203 8
204 13
205 11
206 19
207 28
208 23
209 20
210 22
211 26
212 29
213 35
214 49
215 29
216 46
217 42
218 43
219 58
220 69
221 63
222 56
223 70
224 77
225 78
226 76
227 79
228 89
229 85
230 92
231 80
232 105
233 93
234 88
235 104
236 120
237 119
238 118
239 128
240 102
241 123
242 120
243 114
244 120
245 147
246 150
247 142
248 153
249 150
250 147
251 151
252 150
253 139
254 164
255 148
256 147
257 159
258 152
259 170
260 157
261 157
262 152
263 153
264 160
265 151
266 165
267 160
268 175
269 154
270 154
271 195
272 152
273 151
274 168
275 166
276 154
277 158
278 146
279 154
280 150
281 178
282 168
283 145
284 144
285 174
286 139
287 168
288 167
289 161
290 147
291 192
292 163
293 180
294 154
295 146
296 160
297 151
298 155
299 140
300 149
301 141
302 151
303 153
304 157
305 150
306 148
307 136
308 147
309 140
310 125
311 153
312 150
313 134
314 142
315 153
316 129
317 128
318 140
319 134
320 123
321 136
322 124
323 119
324 124
325 108
326 125
327 110
328 107
329 97
330 98
331 121
332 120
333 112
334 110
335 96
336 88
337 106
338 95
339 89
340 97
341 113
342 105
343 104
344 78
345 70
346 78
347 64
348 74
349 73
350 78
351 69
352 71
353 56
354 60
355 61
356 52
357 58
358 53
359 47
360 48
361 52
362 47
363 50
364 55
365 50
366 43
367 38
368 45
369 44
370 36
371 35
372 35
373 34
374 33
375 33
376 40
377 24
378 23
379 24
380 24
381 21
382 21
383 19
384 21
385 17
386 20
387 23
388 20
389 17
390 18
391 11
392 6
393 10
394 9
395 11
396 12
397 9
398 11
399 9
400 4
401 7
402 13
403 11
404 5
405 2
406 6
407 9
408 4
409 5
410 1
411 6
412 2
413 3
414 2
415 4
416 6
417 4
418 5
419 2
420 2
421 4
422 1
423 3
424 3
425 2
427 1
428 2
429 2
430 1
431 3
432 2
434 1
435 3
437 1
439 1
442 1
443 1
444 1
447 1
449 2
452 2
456 1
466 1
468 1
475 1
481 1
497 1
499 1
501 1
505 2
511 1
512 1
513 1
520 1
529 1
533 1
542 1
544 1
548 1
550 2
553 1
556 3
560 1
564 2
572 1
621 1
