162 1
172 1
173 1
174 1
175 1
179 3
180 1
181 1
182 2
183 2
184 4
185 1
186 4
187 3
188 4
189 2
190 3
191 9
192 7
193 10
194 3
195 6
196 16
197 18
198 16
199 22
200 20
201 16
202 29
203 19
204 25
205 21
206 28
207 49
208 43
209 52
210 42
211 43
212 52
213 52
214 77
215 69
216 68
217 86
218 81
219 82
220 97
221 89
222 99
223 108
224 99
225 81
226 109
227 111
228 123
229 98
230 113
231 116
232 145
233 134
234 115
235 122
236 137
237 150
238 135
239 138
240 165
241 154
242 148
243 151
244 173
245 149
246 156
247 161
248 175
249 150
250 173
251 161
252 157
253 171
254 168
255 161
256 162
257 151
258 159
259 190
260 174
261 179
262 174
263 186
264 171
265 168
266 177
267 178
268 169
269 155
270 200
271 153
272 164
273 158
274 156
275 156
276 157
277 149
278 142
279 151
280 178
281 160
282 159
283 170
284 151
285 169
286 171
287 151
288 192
289 162
290 134
291 165
292 141
293 149
294 138
295 149
296 169
297 152
298 133
299 132
300 148
301 162
302 153
303 120
304 151
305 154
306 126
307 144
308 117
309 146
310 141
311 150
312 129
313 155
314 125
315 99
316 106
317 131
318 124
319 118
320 117
321 105
322 102
323 110
324 122
325 109
326 92
327 95
328 105
329 115
330 69
331 92
332 96
333 101
334 73
335 92
336 78
337 84
338 67
339 74
340 67
341 55
342 61
343 60
344 61
345 57
346 59
347 69
348 66
349 48
350 59
351 43
352 52
353 45
354 38
355 46
356 39
357 33
358 33
359 33
360 38
361 24
362 47
363 27
364 27
365 36
366 27
367 28
368 25
369 24
370 19
371 11
372 20
373 17
374 18
375 19
376 13
377 15
378 9
379 14
380 12
381 9
382 10
383 11
384 5
385 9
386 7
387 9
388 12
389 5
390 7
391 10
392 6
393 6
394 7
395 8
396 6
397 2
398 6
399 4
400 1
401 3
402 1
403 4
404 1
405 2
406 4
407 4
408 3
409 1
410 3
411 4
413 2
414 2
416 1
418 1
419 1
420 1
421 3
422 2
424 1
425 1
426 1
430 1
431 3
432 2
435 1
438 2
446 1
447 1
453 1
454 1
457 2
462 2
465 2
473 1
477 1
479 1
481 1
483 1
490 1
494 1
499 1
500 1
501 2
502 1
504 1
505 1
506 1
511 1
512 1
525 1
526 1
535 1
556 1
569 1
595 1
